BEBEK|(0.8739935587761675, 0.38189655172413794)|(0.9158615136876006, 0.475)
DADU|(0.18840579710144928, 0.6525862068965518)|(0.21900161030595813, 0.7008620689655173)
JAM|(0.6195652173913043, 0.12931034482758622)|(0.6630434782608695, 0.23189655172413792)
KAPAL|(0.37359098228663445, 0.5551724137931034)|(0.44887278582930756, 0.6439655172413793)
KAUS KAKI|(0.030193236714975844, 0.5887931034482758)|(0.09621578099838969, 0.7241379310344828)
KELINCI|(0.6292270531400966, 0.4982758620689655)|(0.6626409017713365, 0.5887931034482758)
KUMBANG|(0.14009661835748793, 0.09051724137931035)|(0.1566022544283414, 0.13017241379310346)
KUPU-KUPU|(0.2689210950080515, 0.18017241379310345)|(0.2971014492753623, 0.2336206896551724)
OBENG|(0.5821256038647343, 0.5681034482758621)|(0.6014492753623188, 0.7689655172413793)
PERMEN|(0.6924315619967794, 0.2818965517241379)|(0.7306763285024155, 0.3422413793103448)
PITA|(0.06602254428341385, 0.23620689655172414)|(0.14653784219001612, 0.3956896551724138)
