BEBEK|(0.238440962934658, 0.08874458874458875)|(0.27818112342376766, 0.20562770562770563)
DADU|(0.4849063813526939, 0.24891774891774893)|(0.5135651509361865, 0.30735930735930733)
GUNTING|(0.7902178066488346, 0.6266233766233766)|(0.8165838746656476, 0.775974025974026)
KAPAL|(0.8135269392434085, 0.4880952380952381)|(0.8849828047382499, 0.5995670995670995)
KAUS KAKI|(0.19640810087886892, 0.8647186147186147)|(0.26213221245701185, 0.9707792207792207)
KELINCI|(0.01222774168895682, 0.21536796536796537)|(0.043179212839128775, 0.329004329004329)
KUMBANG|(0.6392816201757738, 0.30735930735930733)|(0.65380206343141, 0.354978354978355)
KUNCI|(0.6167367214367596, 0.12121212121212122)|(0.6327856324035155, 0.22402597402597402)
KUPU-KUPU|(0.4176538020634314, 0.15043290043290045)|(0.44440198700802447, 0.21753246753246752)
MOBIL|(0.6339319831868552, 0.7121212121212122)|(0.661444401987008, 0.7662337662337663)
OBENG|(0.6373710355368742, 0.0)|(0.7264042797095911, 0.050865800865800864)
PENSIL|(0.3611004967520061, 0.030303030303030304)|(0.41918226977455103, 0.05627705627705628)
PERMEN|(0.3014902560183416, 0.14393939393939395)|(0.33855559801299195, 0.22077922077922077)
PITA|(0.0, 0.7402597402597403)|(0.07298433320596102, 0.9404761904761905)
SANDAL|(0.48796331677493315, 0.8517316017316018)|(0.57661444401987, 0.9902597402597403)
